0 1 254
0 2 242
0 3 514
0 4 415
0 5 396
0 6 880
0 7 654
0 8 626
0 9 536
0 10 536
0 11 953
0 12 758
0 13 779
0 14 1249
0 15 1038
0 16 952
0 17 408
0 18 862
0 19 803
0 20 515
0 21 670
0 22 794
0 23 1002
0 24 1223
0 25 1358
0 26 1483
0 27 1476
0 28 1054
0 29 1108
1 2 177
1 3 747
1 4 661
1 5 517
1 6 646
1 7 399
1 8 480
1 9 305
1 10 542
1 11 760
1 12 665
1 13 810
1 14 1051
1 15 908
1 16 923
1 17 431
1 18 669
1 19 730
1 20 383
1 21 853
1 22 1029
1 23 1205
1 24 1460
1 25 1200
1 26 1419
1 27 1426
1 28 1308
1 29 1149
2 3 638
2 4 646
2 5 352
2 6 661
2 7 496
2 8 384
2 9 327
2 10 369
2 11 712
2 12 531
2 13 635
2 14 1008
2 15 802
2 16 763
2 17 567
2 18 839
2 19 901
2 20 559
2 21 910
2 22 1029
2 23 1245
2 24 1456
2 25 1375
2 26 1591
2 27 1277
2 28 1256
2 29 1290
3 4 385
3 5 387
3 6 1281
3 7 1130
3 8 918
3 9 963
3 10 629
3 11 1265
3 12 931
3 13 717
3 14 1548
3 15 1223
3 16 963
3 17 840
3 18 1374
3 19 1255
3 20 1018
3 21 769
3 22 643
3 23 955
3 24 996
3 25 1853
3 26 1895
3 27 1456
3 28 684
3 29 1410
4 5 602
4 6 1295
4 7 1056
4 8 1017
4 9 951
4 10 831
4 11 1356
4 12 1108
4 13 1006
4 14 1652
4 15 1402
4 16 1229
4 17 548
4 18 1156
4 19 944
4 20 788
4 21 388
4 22 384
4 23 637
4 24 810
4 25 1572
4 26 1541
4 27 1749
4 28 659
4 29 1030
5 6 923
5 7 834
5 8 539
5 9 637
5 10 246
5 11 883
5 12 546
5 13 410
5 14 1162
5 15 841
5 16 627
5 17 804
5 18 1187
5 19 1193
5 20 879
5 21 966
5 22 959
5 23 1238
5 24 1353
5 25 1714
5 26 1877
5 27 1148
5 28 1069
5 29 1494
6 7 335
6 8 408
6 9 343
6 10 750
6 11 261
6 12 566
6 13 934
6 14 463
6 15 571
6 16 864
6 17 1015
6 18 799
6 19 1130
6 20 813
6 21 1493
6 22 1672
6 23 1849
6 24 2102
6 25 1296
6 26 1730
6 27 1195
6 28 1917
6 29 1658
7 8 477
7 9 215
7 10 745
7 11 555
7 12 694
7 13 990
7 14 797
7 15 820
7 16 1005
7 17 697
7 18 506
7 19 797
7 20 479
7 21 1198
7 22 1415
7 23 1559
7 24 1844
7 25 1042
7 26 1419
7 27 1427
7 28 1707
7 29 1322
8 9 277
8 10 343
8 11 348
8 12 219
8 13 537
8 14 640
8 15 428
8 16 527
8 17 911
8 18 969
8 19 1169
8 20 813
8 21 1295
8 22 1401
8 23 1628
8 24 1823
8 25 1514
8 26 1840
8 27 977
8 28 1586
8 29 1626
9 10 531
9 11 467
9 12 497
9 13 775
9 14 751
9 15 670
9 16 802
9 17 706
9 18 692
9 19 909
9 20 558
9 21 1158
9 22 1328
9 23 1511
9 24 1758
9 25 1237
9 26 1569
9 27 1251
9 28 1580
9 29 1395
10 11 663
10 12 302
10 13 268
10 14 930
10 15 595
10 16 416
10 17 923
10 18 1178
10 19 1270
10 20 926
10 21 1174
10 22 1198
10 23 1468
10 24 1598
10 25 1723
10 26 1960
10 27 942
10 28 1314
10 29 1640
11 12 401
11 13 781
11 14 296
11 15 317
11 16 657
11 17 1173
11 18 1048
11 19 1348
11 20 1010
11 21 1608
11 22 1740
11 23 1953
11 24 2165
11 25 1556
11 26 1973
11 27 937
11 28 1935
11 29 1855
12 13 380
12 14 639
12 15 296
12 16 312
12 17 1091
12 18 1189
12 19 1377
12 20 1020
12 21 1424
12 22 1484
12 23 1739
12 24 1892
12 25 1733
12 26 2054
12 27 766
12 28 1616
12 29 1813
13 14 997
13 15 597
13 16 250
13 17 1178
13 18 1441
13 19 1536
13 20 1194
13 21 1376
13 22 1344
13 23 1638
13 24 1713
13 25 1988
13 26 2226
13 27 746
13 28 1382
13 29 1888
14 15 415
14 16 816
14 17 1455
14 18 1251
14 19 1593
14 20 1271
14 21 1902
14 22 2036
14 23 2248
14 24 2461
14 25 1716
14 26 2183
14 27 928
14 28 2224
14 29 2118
15 16 401
15 17 1340
15 18 1326
15 19 1580
15 20 1227
15 21 1708
15 22 1780
15 23 2030
15 24 2189
15 25 1851
15 26 2234
15 27 623
15 28 1908
15 29 2052
16 17 1329
16 18 1494
16 19 1652
16 20 1298
16 21 1586
16 22 1581
16 23 1866
16 24 1958
16 25 2040
16 26 2337
16 27 526
16 28 1633
16 29 2051
17 18 625
17 19 415
17 20 273
17 21 523
17 22 808
17 23 882
17 24 1212
17 25 1026
17 26 1078
17 27 1844
17 28 1181
17 29 723
18 19 429
18 20 368
18 21 1127
18 22 1433
18 23 1470
18 24 1826
18 25 547
18 26 931
18 27 1933
18 28 1804
18 29 977
19 20 356
19 21 791
19 22 1130
19 23 1101
19 24 1483
19 25 638
19 26 689
19 27 2143
19 28 1535
19 29 552
20 21 795
20 22 1079
20 23 1152
20 24 1486
20 25 843
20 26 1039
20 27 1786
20 28 1439
20 29 846
21 22 349
21 23 361
21 24 700
21 25 1424
21 26 1263
21 27 2111
21 28 767
21 29 690
22 23 322
22 24 430
22 25 1767
22 26 1606
22 27 2090
22 28 418
22 29 1015
23 24 402
23 25 1710
23 26 1446
23 27 2383
23 28 646
23 29 831
24 25 2104
24 26 1847
24 27 2450
24 28 412
24 29 1231
25 26 592
25 27 2467
25 28 2173
25 29 982
26 27 2818
26 28 2024
26 29 616
27 28 2098
27 29 2567
28 29 1427
